<?xml version="1.0"?>
<opencv_storage>
  <Camera_Matrix type_id="opencv-matrix">
    <rows>3</rows>
    <cols>3</cols>
    <dt>d</dt>
    <data>
      2.0275377339070669e+03 0. 9.5950000000000000e+02 0.
      2.0275377339070669e+03 5.3950000000000000e+02 0. 0. 1.</data></Camera_Matrix>
  <Distortion_Coefficients type_id="opencv-matrix">
    <rows>5</rows>
    <cols>1</cols>
    <dt>d</dt>
    <data>
      -4.2891185432986179e-01 -4.4634579643931555e-02 0. 0.
      1.0981159168852910e+00</data></Distortion_Coefficients>

</opencv_storage>
